-01 -01 -01 -01 -01 -01 -01 -01 -01 -01 500 -01 -01 -01 -01 -01 -01 -01 -01 -01 -01 -01 -01
-01 -01 -01 -01 -01 -01 -01 -01 -01 -01 000 -01 -01 -01 -01 -01 -01 -01 -01 -01 -01 -01 -01
-01 001 002 003 004 005 006 -01 -01 -01 007 -01 -01 -01 008 009 010 -01 011 012 013 014 -01
-01 015 -01 -01 016 -01 017 -01 -01 -01 018 -01 -01 -01 019 -01 020 021 022 023 -01 024 -01
-01 025 -01 -01 026 -01 027 -01 -01 -01 028 -01 -01 -01 029 -01 -01 -01 -01 030 -01 031 -01
-01 032 033 034 035 036 037 038 039 040 041 042 043 044 045 046 047 048 049 050 -01 051 -01
-01 052 -01 -01 053 -01 -01 -01 -01 -01 054 -01 -01 -01 -01 055 -01 056 -01 -01 -01 057 -01
-01 058 -01 -01 059 060 061 -01 -01 -01 062 -01 -01 -01 -01 063 -01 064 -01 -01 -01 065 -01
-01 066 -01 -01 067 -01 068 -01 -01 069 070 071 072 073 074 075 -01 076 077 078 -01 079 -01
-01 080 -01 -01 081 -01 082 -01 -01 083 -01 -01 -01 084 -01 085 -01 086 -01 087 -01 088 -01
-01 089 090 091 092 -01 093 094 095 096 -01 -02 -01 097 -01 098 099 100 -01 101 102 103 -01
-01 -01 -01 -01 104 -01 -01 -01 -01 105 -02 -02 -01 106 -01 -01 -01 107 -01 -01 -01 108 -01
-01 109 110 111 112 -01 113 114 115 116 -01 -02 -01 117 -01 118 119 120 -01 121 122 123 -01
-01 124 -01 -01 125 -01 126 -01 -01 127 -01 -01 -01 128 -01 129 -01 130 -01 131 -01 132 -01
-01 133 -01 -01 134 -01 135 -01 -01 136 137 138 139 140 141 142 -01 143 144 145 -01 146 -01
-01 147 -01 -01 148 149 150 -01 -01 -01 151 -01 -01 -01 -01 152 -01 153 -01 -01 -01 154 -01
-01 155 -01 -01 156 -01 -01 -01 -01 -01 157 -01 -01 -01 -01 158 -01 159 -01 -01 -01 160 -01
-01 161 162 163 164 165 166 167 168 169 170 171 172 173 174 175 176 177 178 179 -01 180 -01
-01 181 -01 -01 182 -01 183 -01 -01 -01 184 -01 -01 -01 185 -01 -01 -01 -01 186 -01 187 -01
-01 188 -01 -01 189 -01 190 -01 -01 -01 191 -01 -01 -01 192 -01 193 194 195 196 -01 197 -01
-01 198 199 200 201 202 203 -01 -01 -01 204 -01 -01 -01 205 206 207 -01 208 209 210 211 -01
-01 -01 -01 -01 -01 -01 -01 -01 -01 -01 212 -01 -01 -01 -01 -01 -01 -01 -01 -01 -01 -01 -01
-01 -01 -01 -01 -01 -01 -01 -01 -01 -01 501 -01 -01 -01 -01 -01 -01 -01 -01 -01 -01 -01 -01